8716448
29360128
12976133
8781974
3014661
12648453
3014661
12713989
3014661
8650907
23527428
29360128
5373954
1048578
655363
29360128
8781969
3014661
8519685
3014661
8454149
3014661
8781829
24903684
29360128
29360128
12976133
8781974
3014661
12648453
3014661
12713989
3014661
8650908
23527428
29360128
4784129
5373954
4849667
29360128
8781969
3014661
8519685
3014661
8454149
3014661
8781829
24903684
29360128
29360128
12976133
8781974
3014661
12648453
3014661
12713989
3014661
8650909
23527428
29360128
4849670
7733251
29360128
8781969
3014661
8519685
3014661
8454149
3014661
8781829
24903684
29360128
29360128
12976133
8781974
3014661
12648453
3014661
12713989
3014661
8650911
23527428
29360128
12976133
8781974
3014661
12648453
3014661
12713989
3014661
8650907
23527428
8454147
8650910
23527428
196611
29360128
8781969
3014661
8519685
3014661
8454149
3014661
8781829
24903684
29360128
29360128
12976133
8781974
3014661
12648453
3014661
8650910
23527428
29360128
8519841
12976133
8781974
3014661
12648453
3014661
12713989
3014661
8650909
23527428
8454147
8781985
17694722
8585216
16777218
8585361
29360128
8781969
3014661
8454149
3014661
8781829
24903684
29360128
29360128
29360128
29360128
29360128
29360128
29360128
1
2
3
4
5
-1
-2
-3
-4
-5
12
36
60
115
83
32767
-32768
