428 1
429 2
430 3
431 4
432 5
433 6
434 7
435 8
436 9
437 10
438 -1
439 -2
440 -3
441 -4
442 -5
443 -6
444 -7
445 -8
446 -9
447 -10
448 10
10 0
449 151
151 0
450 165
165 0
451 178
178 0
452 25
25 0
453 37
37 0
454 56
56 0
455 419
419 0
456 397
397 0
457 388
388 0
458 413
413 0
460 291
291 0
461 351
351 0
462 348
348 0
465 359
359 0
466 380
380 0
469 81
81 0
470 101
101 0
471 109
109 0
472 117
117 0
473 125
125 0
474 139
139 0
477 282
282 0
478 274
274 0
479 215
215 0
481 96
482 -454
483 32767
484 -32768
